image_width: 1024
image_height: 768
camera_name: narrow_stereo/right
camera_matrix:
  rows: 3
  cols: 3
  data: [1280,0,512,0,1280,384,0,0,1]
distortion_model: plumb_bob
distortion_coefficients:
  rows: 1
  cols: 5
  data: [0, 0, 0, 0, 0.000000]
rectification_matrix:
  rows: 3
  cols: 3
  data: [0.999772, 0.000641, 0.021365, -0.000609, 0.999999, -0.001531, -0.021366, 0.001517, 0.999771]
projection_matrix:
  rows: 3
  cols: 4
  data: [-613.86,1231.2,-88.908,5745.3,-155.3,-13.587,-1327.2,4877.9,-0.98106,-0.085832,-0.17365,10.288]
