image_width: 1024
image_height: 768
camera_name: narrow_stereo/right
camera_matrix:
  rows: 3
  cols: 3
  data: [1360.517356, 0.000000, 551.027999, 0.000000, 1364.786237, 319.071061, 0.000000, 0.000000, 1.000000]
distortion_model: plumb_bob
distortion_coefficients:
  rows: 1
  cols: 5
  data: [-0.492025, 0.431046, 0.006842, -0.000194, 0.000000]
rectification_matrix:
  rows: 3
  cols: 3
  data: [0.999251, -0.005457, 0.038305, 0.005665, 0.999970, -0.005323, -0.038275, 0.005536, 0.999252]
projection_matrix:
  rows: 3
  cols: 4
  data: [1529.866695, 0.000000, 504.662979, 183.914657, 0.000000, 1529.866695, 378.477791, 0.000000, 0.000000, 0.000000, 1.000000, 0.000000]
