rotation_matrix:
  rows: 3
  cols: 3
  data: [0.9997295945112764, -0.01789438384376477, -0.0148502149874567, 0.003689422242819346, -0.5084669777224112, 0.8610735861291724, -0.0229592252011225, -0.8608955358187724, -0.5082634655230249]
translation_vector:
  rows: 3
  cols: 1
  data: [0.02620119592938557, -1.799139716836723, 1.357486669672579]