rotation_matrix:
  rows: 3
  cols: 3
  data: [0.9989763227132606, 0.01519512373078545, 0.04260768561068873, 0.04467628920910666, -0.4791357987508896, -0.8766030547162453, 0.007094775598806308, 0.8776092493645189, -0.4793241800588087]
translation_vector:
  rows: 3
  cols: 1
  data: [-0.01002299110881704, -1.739389814315505, 1.32481336047331]