image_width: 1024
image_height: 768
camera_name: narrow_stereo/left
camera_matrix:
  rows: 3
  cols: 3
  data: [1358.800297, 0.000000, 507.324958, 0.000000, 1357.240671, 361.199233, 0.000000, 0.000000, 1.000000]
distortion_model: plumb_bob
distortion_coefficients:
  rows: 1
  cols: 5
  data: [-0.459277, 0.333354, 0.002893, -0.001444, 0.000000]
rectification_matrix:
  rows: 3
  cols: 3
  data: [0.999933, -0.004831, 0.010564, 0.004815, 0.999987, 0.001550, -0.010571, -0.001499, 0.999943]
projection_matrix:
  rows: 3
  cols: 4
  data: [1501.257140, 0.000000, 493.606922, 0.000000, 0.000000, 1501.257140, 410.707668, 0.000000, 0.000000, 0.000000, 1.000000, 0.000000]
