image_width: 1024
image_height: 768
camera_name: narrow_stereo/left
camera_matrix:
  rows: 3
  cols: 3
  data: [1313.059107, 0.000000, 512.691080, 0.000000, 1315.622448, 418.655869, 0.000000, 0.000000, 1.000000]
distortion_model: plumb_bob
distortion_coefficients:
  rows: 1
  cols: 5
  data: [-0.408448, 0.195825, 0.003992, 0.002941, 0.000000]
rectification_matrix:
  rows: 3
  cols: 3
  data: [0.990587, -0.002121, -0.136869, 0.000974, 0.999964, -0.008448, 0.136882, 0.008235, 0.990553]
projection_matrix:
  rows: 3
  cols: 4
  data: [1317.413342, 0.000000, 714.911636, 0.000000, 0.000000, 1317.413342, 432.886768, 0.000000, 0.000000, 0.000000, 1.000000, 0.000000]
