image_width: 1024
image_height: 768
camera_name: narrow_stereo/left
camera_matrix:
  rows: 3
  cols: 3
  data: [1350.811752, 0.000000, 504.159914, 0.000000, 1348.863252, 453.653685, 0.000000, 0.000000, 1.000000]
distortion_model: plumb_bob
distortion_coefficients:
  rows: 1
  cols: 5
  data: [-0.453332, 0.248178, -0.005735, 0.003240, 0.000000]
rectification_matrix:
  rows: 3
  cols: 3
  data: [0.998623, -0.003783, 0.052333, 0.003835, 0.999992, -0.000889, -0.052329, 0.001089, 0.998629]
projection_matrix:
  rows: 3
  cols: 4
  data: [1308.683368, 0.000000, 435.112640, 0.000000, 0.000000, 1308.683368, 455.046280, 0.000000, 0.000000, 0.000000, 1.000000, 0.000000]
