image_width: 1024
image_height: 768
camera_name: narrow_stereo/right
camera_matrix:
  rows: 3
  cols: 3
  # Org. from ROS data: [1355.898389, 0.000000, 528.757914, 0.000000, 1355.987826, 437.494880, 0.000000, 0.000000, 1.000000]
  data: [1516.357170,-31.624984,423.070823,0.000000,1639.504282,885.363660,0.000000,0.000000,1.000000]
distortion_model: plumb_bob
distortion_coefficients:
  rows: 1
  cols: 5
  # Org. From ROS  data: [-0.445237, 0.261133, -0.002016, 0.000341, 0.000000]
  data: [0.330378,-1.714889,0.044145,-0.013791,2.162541,]
rectification_matrix:
  rows: 3
  cols: 3
  data: [0.991338, 0.001731, -0.131325, -0.000630, 0.999964, 0.008421, 0.131335, -0.008265, 0.991304]
projection_matrix:
  rows: 3
  cols: 4
  # Org. From ROS data: [1317.413342, 0.000000, 714.911636, -162.596128, 0.000000, 1317.413342, 432.886768, 0.000000, 0.000000, 0.000000, 1.000000, 0.000000]
  data: [1516.357170,-31.624984,423.070823,0.000000,0.000000,1639.504282,885.363660,0.000000,0.000000,0.000000,1.000000,0.000000]
