image_width: 1024
image_height: 768
camera_name: narrow_stereo/right
camera_matrix:
  rows: 3
  cols: 3
  data: [1741.160134,-40.217523,513.776521,0.000000,1815.586131,490.840912,0.000000,0.000000,1.000000]
  # org. data: [1355.898389, 0.000000, 528.757914, 0.000000, 1355.987826, 437.494880, 0.000000, 0.000000, 1.000000]
distortion_model: plumb_bob
distortion_coefficients:
  rows: 1
  cols: 5
  # org. data: [-0.445237, 0.261133, -0.002016, 0.000341, 0.000000]
  data: [-2.913283,35.033930,-0.023284,0.025577,-149.159866,]
rectification_matrix:
  rows: 3
  cols: 3
  data: [0.991338, 0.001731, -0.131325, -0.000630, 0.999964, 0.008421, 0.131335, -0.008265, 0.991304]
projection_matrix:
  rows: 3
  cols: 4
  # org. data: [1317.413342, 0.000000, 714.911636, -162.596128, 0.000000, 1317.413342, 432.886768, 0.000000, 0.000000, 0.000000, 1.000000, 0.000000]
  data: [1769.667679,-174.085485,367.685902,-178922.085650,74.547525,1645.592226,907.604920,6968.337991,0.065522,-0.239022,0.968801,23.262464]
