# oST version 5.0 parameters


[image]

width
1024

height
768

[narrow_stereo/left]

camera matrix
1348.764942 0.000000 533.749161
0.000000 1349.118163 354.434678
0.000000 0.000000 1.000000

distortion
-0.451913 0.262957 0.003873 -0.002683 0.000000

rectification
0.979167 0.169082 0.112444
-0.170644 0.985323 0.004342
-0.110059 -0.023439 0.993649

projection
2030.399737 0.000000 382.195145 0.000000
0.000000 2030.399737 408.654493 0.000000
0.000000 0.000000 1.000000 0.000000

# oST version 5.0 parameters


[image]

width
1024

height
768

[narrow_stereo/right]

camera matrix
1355.395640 0.000000 540.084150
0.000000 1354.485656 437.144524
0.000000 0.000000 1.000000

distortion
-0.462684 0.284309 0.001177 -0.001327 0.000000

rectification
0.977656 0.179806 0.108899
-0.178259 0.983694 -0.023858
-0.111413 0.003913 0.993766

projection
2030.399737 0.000000 382.195145 -246.187430
0.000000 2030.399737 408.654493 0.000000
0.000000 0.000000 1.000000 0.000000

