image_width: 1024
image_height: 768
camera_name: narrow_stereo/right
camera_matrix:
  rows: 3
  cols: 3
  data: [1354.587959, 0.000000, 528.883068, 0.000000, 1354.339782, 450.942605, 0.000000, 0.000000, 1.000000]
distortion_model: plumb_bob
distortion_coefficients:
  rows: 1
  cols: 5
  data: [-0.450067, 0.239886, 0.002809, -0.004008, 0.000000]
rectification_matrix:
  rows: 3
  cols: 3
  data: [0.999772, 0.000641, 0.021365, -0.000609, 0.999999, -0.001531, -0.021366, 0.001517, 0.999771]
projection_matrix:
  rows: 3
  cols: 4
  data: [1501.257140, 0.000000, 493.606922, -183.645110, 0.000000, 1501.257140, 410.707668, 0.000000, 0.000000, 0.000000, 1.000000, 0.000000]
