image_width: 1024
image_height: 768
camera_name: narrow_stereo/right
camera_matrix:
  rows: 3
  cols: 3
  data: [1345.243326, 0.000000, 518.829459, 0.000000, 1342.220693, 451.362763, 0.000000, 0.000000, 1.000000]
distortion_model: plumb_bob
distortion_coefficients:
  rows: 1
  cols: 5
  data: [-0.452079, 0.289019, -0.003188, 0.000404, 0.000000]
rectification_matrix:
  rows: 3
  cols: 3
  data: [0.998358, -0.003952, 0.057142, 0.003895, 0.999992, 0.001101, -0.057146, -0.000877, 0.998365]
projection_matrix:
  rows: 3
  cols: 4
  data: [1308.683368, 0.000000, 435.112640, -160.127484, 0.000000, 1308.683368, 455.046280, 0.000000, 0.000000, 0.000000, 1.000000, 0.000000]
