rotation_matrix:
  rows: 3
  cols: 3
  data: [0.9991761551915967, 0.02676953658776901, -0.03050250493670215, -0.01320315495321427, -0.4962937027429896, -0.8680542824713985, -0.03837561199275968, 0.8677418697565132, -0.4955313914129479]
translation_vector:
  rows: 3
  cols: 1
  data: [-0.09922313189813992, -0.659065058885263, 0.7323643226298121]