rotation_matrix:
  rows: 3
  cols: 3
  data: [0.9991761551915974, 0.02676953658776884, -0.03050250493670184, -0.0132031549532141, -0.4962937027429895, -0.8680542824713988, -0.03837561199275971, 0.8677418697565132, -0.4955313914129476]
translation_vector:
  rows: 3
  cols: 1
  data: [0.0489805543435087, -1.784899510450521, 1.352430198138934]