image_width: 1024
image_height: 768
camera_name: narrow_stereo/left
camera_matrix:
  rows: 3
  cols: 3
  data: [1332.692859,0.000000,504.135934,0.000000,1332.753130,398.561792,0.000000,0.000000,1.000000 ]
distortion_model: plumb_bob
distortion_coefficients:
  rows: 1
  cols: 5
  data: [-0.464962,0.488234,-0.000367,0.003938,-0.699313 ]
rectification_matrix:
  rows: 3
  cols: 3
  data: [1.000000,0.000000,0.000000,0.000000,1.000000,0.000000,0.000000,0.000000,1.000000 ]
projection_matrix:
  rows: 3
  cols: 4
  data: [1332.692859,0.000000,504.135934,0.000000,0.000000,1332.753130,398.561792,0.000000,0.000000,0.000000,1.000000,0.000000 ]
translation_vector:
  rows: 3
  cols: 1
  data: [0.000000,0.000000,0.000000 ]
rotation_matrix:
  rows: 3
  cols: 3
  data: [1.000000,0.000000,0.000000,0.000000,1.000000,0.000000,0.000000,0.000000,1.000000 ]
