image_width: 1024
image_height: 768
camera_name: narrow_stereo/right
camera_matrix:
  rows: 3
  cols: 3
  data: [1326.494590,0.000000,501.146251,0.000000,1325.679763,405.400619,0.000000,0.000000,1.000000 ]
distortion_model: plumb_bob
distortion_coefficients:
  rows: 1
  cols: 5
  data: [-0.457874,0.450681,-0.001695,0.003012,-0.564259 ]
rectification_matrix:
  rows: 3
  cols: 3
  data: [1.000000,0.000000,0.000000,0.000000,1.000000,0.000000,0.000000,0.000000,1.000000 ]
projection_matrix:
  rows: 3
  cols: 4
  data: [1328.225667,-2.037077,496.535889,158571.760468,4.653042,1326.658067,402.160688,-114.870092,0.003478,0.002433,0.999991,-1.174009 ]
translation_vector:
  rows: 3
  cols: 1
  data: [119.985495,0.272369,-1.174009 ]
rotation_matrix:
  rows: 3
  cols: 3
  data: [0.999991,-0.002455,-0.003472,0.002446,0.999994,-0.002441,0.003478,0.002433,0.999991 ]
