image_width: 1024
image_height: 768
camera_name: narrow_stereo/right
camera_matrix:
  rows: 3
  cols: 3
  data: [1323.967813,0.000000,496.545338,0.000000,1323.417399,412.342971,0.000000,0.000000,1.000000 ]
distortion_model: plumb_bob
distortion_coefficients:
  rows: 1
  cols: 5
  data: [0.080641,-2.267044,-0.003448,-0.001786,20.961467 ]
rectification_matrix:
  rows: 3
  cols: 3
  data: [1.000000,0.000000,0.000000,0.000000,1.000000,0.000000,0.000000,0.000000,1.000000 ]
projection_matrix:
  rows: 3
  cols: 4
  data: [1326.874011,-2.558731,488.719606,158147.871798,5.485229,1323.828593,410.984315,-133.273856,0.005906,0.001007,0.999982,-1.366205 ]
translation_vector:
  rows: 3
  cols: 1
  data: [119.962323,0.324970,-1.366205 ]
rotation_matrix:
  rows: 3
  cols: 3
  data: [0.999980,-0.002310,-0.005904,0.002304,0.999997,-0.001021,0.005906,0.001007,0.999982 ]
