image_width: 1024
image_height: 768
camera_name: 8511446
camera_matrix:
  rows: 3
  cols: 3
  data: [1319.84649650023, 0, 512.030261763935, 0, 1320.11305642297, 384.244384326427, 0, 0, 1]
distortion_model: plumb_bob
distortion_coefficients:
  rows: 1
  cols: 4
  data: [-0.44664303361085, 0.281619098868238, 0.000734560111626615, 0.00062673616513405]
rectification_matrix:
  rows: 3
  cols: 3
  data: [0.999989444899559, -0.00411521139191354, -0.00204331218188954,
0.00411462304300777, 0.999991492253147, -0.00029205913506135,
0.00204449668298647, 0.000283648592960224, 0.999997869786126]
projection_matrix:
  rows: 3
  cols: 4
  data: [1181.5302, 0, 511.3567, 141.9138, 0, 1181.5302, 388.1974, 0, 0, 0, 1, 0]
