rotation_matrix:
  rows: 3
  cols: 3
  data: [-0.9504114724798126, 0.3095410285233937, -0.03003971769899211, 0.1952946100438965, 0.5188639476445147, -0.832250094095851, -0.2420290236036947, -0.7968466323549536, -0.553585942955574]
translation_vector:
  rows: 3
  cols: 1
  data: [0.04213453501478613, -0.1665833092042504, 0.8232114219875005]