rotation_matrix:
  rows: 3
  cols: 3
  data: [-0.9504114724798123, 0.309541028523394, -0.03003971769899297, 0.1952946100438973, 0.5188639476445143, -0.8322500940958512, -0.2420290236036945, -0.7968466323549532, -0.5535859429555738]
translation_vector:
  rows: 3
  cols: 1
  data: [0.3994293374403738, 0.669234301378463, 1.386722211334037]