image_width: 1024
image_height: 768
camera_name: narrow_stereo/right
camera_matrix:
  rows: 3
  cols: 3
  data: [1337.866772,0.000000,515.554373,0.000000,1338.518045,391.766034,0.000000,0.000000,1.000000 ]
distortion_model: plumb_bob
distortion_coefficients:
  rows: 1
  cols: 5
  data: [-0.473360,0.508719,0.000105,0.000294,-0.985040 ]
rectification_matrix:
  rows: 3
  cols: 3
  data: [1.000000,0.000000,0.000000,0.000000,1.000000,0.000000,0.000000,0.000000,1.000000 ]
projection_matrix:
  rows: 3
  cols: 4
  data: [1337.718536,9.023648,515.859963,160663.679882,-9.583206,1338.128460,392.977820,-665.166717,-0.000222,-0.000907,1.000000,0.162301 ]
translation_vector:
  rows: 3
  cols: 1
  data: [120.026903,-0.544446,0.162301 ]
rotation_matrix:
  rows: 3
  cols: 3
  data: [0.999975,0.007094,0.000229,-0.007095,0.999974,0.000905,-0.000222,-0.000907,1.000000 ]
